 -1.36  3.7483       1       
 -1.62  -1.325       0       
-.2827  -2.219       0       
-.3064  .15649       0       
2.4746  5.8677       1       
1.2739  -3.094       0       
-4.536  .17139       0       
 -1.67   6.347       1       
2.1917  -5.826       0       
-1.973  7.0393       1       
3.8365  3.4863       1       
-.9922  4.6317       1       
 2.349  -2.754       0       
-.3246  1.1149       0       
-5.528  6.5211       1       
1.3159   6.792       1       
-3.094  6.6266       1       
-5.955  -.0698       0       
2.0945   -3.49       0       
.58636  .27039       0       
 1.207  -3.381       0       
-1.411  -.6685       0       
4.2197  -1.381       0       
-.3878  1.2004       0       
-.3579  7.3433       1       
 1.445  -2.744       0       
-1.298  8.5875       1       
.95007  6.9089       1       
-1.345  1.6757       0       
-1.463  5.1246       1       
1.2441  6.5402       1       
-3.984  5.6648       1       
2.7568  6.1614       1       
.64001  -3.167       0       
2.8076  -1.516       0       
-1.399  3.4512       1       
1.3857  3.7168       1       
-1.228  -.4889       0       
1.5447  .42346       0       
.53607   -.567       0       
1.6042  7.3815       1       
.19916  7.3087       1       
-2.848  4.5475       1       
-2.743  8.1333       1       
-4.634  8.8612       1       
1.5577  5.8185       1       
 1.169  3.5201       1       
-1.735   6.604       1       
 -2.88  2.8787       0       
-4.162  6.1621       1       
 -4.91   8.917       1       
-4.531  4.8713       0       
-1.042  5.1852       1       
 -3.42  8.3284       1       
-2.438  1.3856       0       
1.2866  -1.957       0       
-1.395  -.2377       0       
-1.528  -2.307       0       
-4.753  9.3711       1       
1.8142   -1.41       0       
-4.192   5.038       1       
 -1.13  5.3885       1       
.45856  2.6281       1       
.27002  4.6545       1       
-2.824  -.5994       0       
 3.273   -1.76       0       
 3.444  1.9902       0       
 -1.11  -.1133       0       
 .1134  -1.413       0       
-5.306    6.47       1       
-1.488  5.1876       1       
2.4591  -1.758       0       
1.3777  -1.139       0       
-2.796  3.7679       1       
.51471  -3.117       0       
-1.709  2.8749       0       
-.9936  4.2821       1       
-2.938  6.5742       1       
3.5476  -2.983       0       
-2.374  2.6154       0       
-1.257  1.5803       1       
4.8415   -3.06       0       
-.9623  4.2506       0       
1.3498  4.1722       1       
.07117  5.2275       1       
1.9311  -3.485       0       
-5.172   1.015       0       
1.0555  -2.898       0       
2.1898  -3.468       0       
.35242  -2.391       0       
-1.883  7.3588       1       
-1.543  7.3606       1       
.28223  .18286       0       
4.4999  -.7032       0       
-1.664   -1.02       0       
-2.791   7.551       1       
.74164  .40051       0       
-2.811  3.2584       0       
-.6508  1.2891       0       
 -3.06  7.4569       1       
4.2852  1.2048       1       
-2.331  4.6522       1       
3.9013  3.0565       1       
-.4058  1.0188       0       
-3.289  7.3572       1       
.44647  4.9943       1       
1.1325  -.2894       0       
3.2687  .85791       0       
-2.929  5.1487       1       
 -2.75  7.8114       1       
-4.987  6.8462       1       
1.1561  -.7894       0       
-2.056  6.0857       1       
-1.721  1.3597       0       
 1.793   3.197       1       
1.4083  -.0459       0       
-1.788  .56921       0       
1.8035  4.3199       1       
-.6814  1.3242       0       
1.0601  4.2843       1       
3.1215  4.6383       1       
1.0611  5.8224       1       
  -1.7  4.3978       1       
-4.155   6.781       1       
-1.563  -1.836       0       
2.6726  -1.825       0       
-3.119   5.986       1       
.37744  -3.287       0       
-2.908  1.6295       0       
2.2307  4.7629       1       
-.8292  -1.748       0       
-.1851  -2.458       0       
-1.166  .88684       1       
-3.945  -2.871       0       
-.8181  4.9247       1       
-2.565    1.87       0       
-1.307  1.6688       0       
-2.139  3.5051       0       
-1.979  4.0565       1       
-1.328  -.2616       0       
-2.189  5.8435       1       
-2.139   7.389       1       
3.7884  3.6676       1       
-.1533  .23352       0       
3.6614  -1.032       0       
-4.081  7.6259       1       
-1.802  -.3794       0       
.43872  1.0481       0       
.54431  1.5825       0       
-1.063  4.6876       1       
-2.771  10.469       1       
-2.417  2.2897       0       
-1.544  1.4677       0       
-3.003  6.6133       1       
-3.748  6.9117       1       
-1.064   6.422       1       
-4.228  8.4425       1       
-1.726  6.5901       1       
3.1519  -.8242       0       
-2.351  -.9456       0       
-1.819  -1.203       0       
 -1.48  3.4103       0       
-.1865  -3.223       0       
1.2535  .83191       0       
3.2458  -.5806       0       
.14758  -1.192       0       
-2.906  -1.287       0       
.36499  6.6355       1       
-.8389  1.3292       0       
-.0859  5.0367       1       
.88214  -.6903       0       
3.4968  5.9761       1       
2.5091  2.2135       1       
-2.246   1.516       0       
 -4.41  2.0729       0       
3.5612   .8728       1       
1.6776  1.5472       0       
-.6411  -1.443       0       
-3.165  3.1796       0       
1.4035  -.1527       0       
 2.741  1.3612       0       
2.1429  6.5392       1       
-1.878   4.364       1       
 4.544  1.4745       0       
.24896  8.8654       1       
-.5442  4.9907       0       
1.4922  .72864       0       
-3.514   5.515       1       
-.1991  6.5044       1       
-.1671  -.1968       0       
 .8703  4.7391       1       
-1.062  .96277       0       
 -1.04  2.4562       0       
  -2.9  7.0988       1       
.97894  6.4047       1       
.32697  4.6434       1       
-1.741  5.1819       1       
-.9094  3.1549       1       
.56018  -.0227       0       
-1.666  .12622       0       
1.0825  6.4933       1       
-.6945   5.642       1       
1.6774  -.9685       0       
-.6939  1.4154       0       
.26892  4.3191       0       
-3.778  5.3307       1       
.16571  2.7172       0       
-1.436  -1.305       0       
3.7375  5.3168       1       
-2.171  2.4768       0       
-3.244  7.3004       1       
1.8336  -2.159       0       
 1.416  1.2623       0       
1.5366  2.5101       0       
1.9702  1.1552       0       
.97272  2.7091       1       
.47809  -2.054       0       
 -.269  3.1425       0       
1.1962  -3.322       0       
-2.547  2.7576       0       
1.9038  .72607       0       
-3.362  4.8395       1       
-3.285  2.4038       0       
-2.682  4.7845       1       
.85895  3.4896       1       
.03241   2.924       1       
 -2.19  3.6464       1       
.94116  3.0488       1       
1.3914  3.0942       0       
-2.313   5.925       1       
-2.236  7.0349       1       
2.9273  -2.525       0       
-1.593  5.1118       1       
1.2311  4.6106       1       
-.0605  6.4751       1       
-3.477  8.9515       1       
 -2.28  7.5413       1       
2.4058  -2.206       0       
-.7877  7.7465       1       
-1.255  .22034       0       
-.3199  2.0862       0       
2.2849  5.3191       1       
 -.137  4.8949       1       
-2.213  4.3728       1       
2.6793  .28979       0       
.94208  2.7235       1       
.85919  5.3556       1       
3.2804  -4.001       0       
-2.016  7.8165       1       
-.9052  .93115       0  
