10.195  11.036
3.8429  1.2604
8.9631  10.025
12.016  15.276
10.457  10.769
10.702  9.1698
7.4935  5.2791
6.8334  8.9456
10.022  10.788
12.817  17.223
 10.77  3.8345
6.6218  5.2624
8.6451  4.5515
10.031  7.2225
2.5588  2.0599
9.3142  1.3565
6.6804  12.206
9.3898  10.579
18.629  19.855
14.179  12.974
5.5749  3.9424
12.683  15.783
5.4557  7.1465
2.6374  3.9165
9.3243   9.711
7.4762   5.684
10.504    12.3
7.4832  12.914
13.134  11.343
11.575   16.26
10.539  10.745
8.3379  9.5236
8.4245  10.625
6.1628   7.205
13.118  15.816
14.297  16.888
 14.21  16.376
5.4183  5.0469
15.756  15.214
 11.18  10.064
10.267  8.9092
13.774  12.129
14.132  8.8076
7.7924  7.8328
15.006  17.521
4.8662  -.4949
10.571  4.9398
7.2151  8.2954
8.4498  8.7169
7.3446  9.7776
6.3008  3.4036
9.0832  9.8742
7.0454  11.979
12.061  12.244
9.7187  7.6518
11.559  10.673
10.804      11
13.929  12.449
10.031  6.9141
12.771  9.2354
8.6408  5.7934
 10.23  9.6133
9.1073  10.491
8.5029  2.7914
9.2848  7.4776
4.7062  -.1441
5.7866  11.281
5.8983  2.6733
7.5231  9.0561
10.939  10.377
7.5048  7.6184
8.0445  10.075
11.863  12.431
7.0614  9.9577
9.6698   10.69
8.4334  -.4042
13.026  9.8686
15.334  16.057
12.252  9.9446
7.2781  4.9839
14.887  16.139
14.732    17.2
7.0758  3.3787
12.883  14.985
12.437  17.715
9.5849  12.847
8.0365  10.732
8.9281   14.41
7.7056   5.154
7.8728  12.558
11.058  9.3373
 8.849  13.571
11.137  7.5261
9.5236  2.8343
7.0575   7.473
12.783  17.594
8.5039  8.3713
 2.608   2.498
  5.45  1.3894
6.1301  2.0355
10.113  11.172
10.811  12.241
13.328  14.172
13.667  12.869
 8.952  6.4858
12.856  13.014
14.897  19.463
15.363  12.251
9.4701  9.3285
8.4114  5.5168
7.1234  4.3006
8.1434   8.277
8.7471  13.638
5.8899  3.6974
10.018  12.997
10.417   15.09
13.911   16.91
11.545  13.932
6.2354  5.5952
-.0358  .34046
11.759  17.528
8.5501  7.3582
12.076  18.172
8.7131  5.4272
 13.91  15.318
10.189  7.1511
8.8647  9.8642
8.3963  8.8879
11.133  10.954
 12.93  13.642
11.999  13.678
10.516  11.289
10.271  11.752
6.5316  3.6707
9.2866  5.2673
10.192   11.45
7.4181  8.8056
9.1101  8.1152
9.6473  12.855
6.9402  10.224
 5.017  3.7653
 8.299  9.5359
10.454  11.593
6.6971  3.9194
11.163  12.123
   5.1    4.49
13.317  16.202
5.3882  5.5831
13.285  10.098
 4.375  4.6038
9.6886  7.4154
4.9304  4.4924
3.2139   2.573
9.4254  10.791
6.0131  7.1327
6.1637  5.1163
10.866  8.8101
8.5005  9.7758
10.214  14.434
11.215  11.759
12.214  9.9557
9.2736  9.2315
3.7892  -0.802
9.2684  9.2324
11.515  12.152
6.7432  4.7044
7.6081  9.6489
7.3939  4.0916
7.6939  4.5802
7.2343  7.6966
6.9967  8.4274
10.935  6.7484
13.753  14.138
10.548  9.0055
9.5813  7.3306
13.215  12.881
10.322  11.827
6.1413   5.607
9.9472  9.1337
14.237  12.168
17.348   15.64
10.161  7.3927
11.678  15.473
9.8017  7.9396
4.8608   2.673
10.978  15.813
 11.66  13.755
 12.59   14.16
6.6104  4.5153
8.2399  7.4958
10.052  6.6183
3.8107  -2.799
6.9135  5.1841
8.9721  9.0549
7.3178  1.9775
5.8068  .68459
 6.949  .92093
10.938   11.26
7.6078  4.9245
 8.702  6.2205
5.6677  3.5737
13.858  14.689
9.2658  6.1216
 12.48  12.947
10.517  9.3793
15.246  11.489
 7.307  5.1836
10.651   9.997
10.663  8.6169
5.8951  11.922
14.402  14.383
14.727  18.563
8.1546  10.252
8.5099  12.283
10.977  14.937
7.9319  12.937
8.5181   2.522
10.046  11.645
8.5331  7.2104
9.8524  12.464
9.8998  10.616
8.4088  4.7432
7.4697   6.367
 8.104  13.833
 9.494  10.213
8.9866   6.018
10.937  12.445
  15.9  16.015
10.939  10.797
6.7384  9.9373
8.5644  9.2626
11.344  7.8068
9.9489  16.145
6.2719  7.0926
11.765  9.9967
12.868  15.277
8.5392  4.1234
7.9407   6.064
8.0131  9.1872
8.0845   6.451
6.9932  2.3967
6.5377  8.3415
8.0003  4.9766
10.968  7.0486
18.194  18.053
3.5824  -1.302
14.195  9.5717
5.7143  5.3381
10.478  11.074
9.4634  10.318
14.053  13.636
14.044  17.333
14.455  10.244
8.9281  6.4101
8.8612  10.701
8.4286    11.1
9.3161  10.699
9.4673  5.5287
8.8728  9.2481
11.479  7.4472
11.642  13.556
14.396  14.392
5.4297  4.5017
9.1402  8.5357
9.7524  6.3585
10.274  8.6127
 11.57  12.727
9.1456  11.226
11.214  11.695
12.342   14.33
13.474  17.356
11.179  12.419
10.007  10.166
9.4748  8.8324
9.2568  10.148
13.322  15.638
 5.839  6.2215
10.252  17.709
9.8662  4.4803
6.6021  -1.956
9.8414  8.2969
9.0294  10.938
  12.8  20.236
8.7293  4.6785
9.1576  7.6306
 8.601  3.7577
 11.89  8.0147
18.242  17.983
7.1121  5.9051
2.2214  3.8831
12.055  16.635
9.4691   7.113
16.439  18.719
13.423  14.313
11.807  10.558
5.9762  2.9289
15.889  16.305
 6.061  6.3431
 9.942  10.802
10.739  5.2236
8.0639   9.896
10.805  10.985
6.7648  2.8948
7.2212  7.6142
17.235  19.259
9.5455  10.336
8.3064  5.5656
12.837  12.671
11.109  11.882
7.0345  6.8568
7.7557  7.1452
8.1524  11.229
13.201    17.2
12.044  9.5705
9.5482  5.0656
11.208  12.562
4.8408  3.1069
4.6382  5.9875
14.572  17.783
2.8017  6.7333
1.1285  .94464
13.815  14.278
12.085  16.266
6.4306  4.4619
10.485  9.5901
 7.141  8.1934
13.188  10.653
2.3028   5.993
10.448  16.675
10.086  9.7844
14.108  9.8104
13.688  15.216
7.2491  -.2023
11.883  13.846
8.9656  7.3501
2.2557  -1.755
8.2446  10.771
9.9537  12.286
6.8793  3.8005
11.468  4.1592
15.925  18.418
12.299  7.0914
 8.023  4.9316
10.424  11.025
11.579  11.505
10.928  8.5903
7.4759  4.5475
 6.836  9.9123
6.6137  8.3108
9.4766  6.4049
11.479  8.4012
11.871  9.3709
8.9444  8.1454
6.8391  9.6559
17.546  18.445
4.2434  5.1134
12.072  6.4268
 10.23  10.999
4.0061  4.0889
11.583  13.174
 3.078  7.2751
11.588  14.876
8.6606  4.8645
2.0573  .57234
8.3445  4.2077
12.048  5.5001
14.778  19.107
 12.44  15.402
6.3748  9.0606
10.112  13.153
12.455  17.731
9.1296  7.9468
7.5948  -1.331
7.7894  10.019
11.116  8.2886
13.428  21.682
15.067  10.858
11.571  11.413
 8.315  6.1698
7.1209  7.4807
9.3796    9.45
5.4258  3.1996
8.9513  2.8546
10.319   8.624
10.089  11.639
8.6211  9.4421
5.7653  -.5742
12.689  14.436
9.5436  12.847
9.4076  10.006
11.531  7.3668
13.298  16.695
11.322   9.401
9.3889  .34071
8.3178  9.9032
9.6911  12.129
12.272  16.702
9.3803  11.562
5.4089  10.728
9.9587  12.236
 16.18  18.844
9.8875  3.9545
12.036   8.827
 13.72  17.323
10.142  10.119
10.747  14.787
8.1109  13.772
14.661  16.567
11.695  10.902
10.814  14.786
17.836  17.949
6.0088  2.1546
5.8008   3.658
5.6539  .67278
9.5495  5.3081
7.1152  9.5979
10.181  10.492
11.561  7.5065
9.9917  10.589
10.935  9.2373
8.8795  7.7862
11.555  11.063
8.6338  7.4982
14.137  17.526
16.286  18.523
12.904  11.744
8.0607  8.3529
6.8843  5.5162
13.956   13.31
 17.07  14.144
6.1409  4.3886
7.3784  7.9969
15.769  17.193
15.765    19.3
14.231  10.975
9.9268  6.5176
7.2178  4.3454
10.273  13.305
8.3883   11.35
6.9113  8.6272
11.523  11.865
9.3323  10.339
 10.61  14.125
6.2099  8.8927
8.6733  11.607
10.869  9.3157
6.3947  3.8086
 8.482  7.9494
 5.053  3.8171
11.012  14.596
 6.888  9.5043
3.3429  5.4708
7.5137  5.7693
10.484   4.958
10.662   8.078
11.689  9.6689
13.386  4.7609
 7.134  8.1534
8.1985  9.2636
4.8242  4.4354
6.2798  2.3879
12.788  14.486
  11.8  8.5074
11.257  12.527
6.8937   5.949
13.734  15.179
12.252  16.498
9.6522  6.5615
9.9067  6.9066
14.582  14.787
13.611  17.123
8.2908  10.942
11.267  9.1689
18.132  25.583
9.4639  11.694
9.9371  6.3643
8.6236   9.703
10.682  11.857
14.073   14.95
11.619  15.034
5.0499  4.1307
10.178  4.7895
9.8653  9.3188
11.133  11.747
7.9465  11.572
9.3764  5.9149
   2.5  -2.429
8.6461  13.889
11.841  9.4215
10.019  5.5021
7.7141  8.4547
7.4337   10.84
11.922  15.605
9.7075  9.5826
11.452  13.719
8.3167  5.2146
4.3048  5.3936
13.212  11.031
7.5676  5.8514
10.668   12.09
9.7067  7.3016
10.874  10.158
8.7387  8.4886
11.572  10.848
10.648  12.799
3.1365  .92637
5.8839  9.9607
9.3818  9.5523
12.562  14.199
9.7405  4.5394
10.559  12.237
8.3417  3.6994
9.4431  10.084
14.468  12.096
10.757  13.313
7.6686  8.4636
  4.43  -.1672
3.5688  6.9404
8.5937  10.094
 9.539  10.197
13.099  8.8652
11.133   13.23
7.1745  11.022
9.6174  9.4503
10.811  8.1293
13.024   12.79
11.188  13.387
9.2451  7.4396
7.7837  10.847
11.762   12.43
 11.03  10.546
9.5178  6.0462
3.9793  4.6804
16.491  21.154
5.7598  5.3838
9.7938  11.765
3.2168  1.6615
11.445   7.357
 6.041   7.867
12.274  11.859
7.2704  4.3267
11.608  11.946
13.937  19.927
10.858  7.9862
11.659  13.139
12.107   11.66
15.216  14.021
10.549  13.175
7.4996  7.2123
 15.67  16.897
8.2909  14.934
14.669   12.38
9.8363  13.309
5.0214  -3.791
12.144  17.203
13.197  9.9254
12.832    9.72
14.671  16.161
9.7552  10.689
11.303   11.03
8.8183  7.5677
12.472  11.086
 6.242  9.9813
 15.31  17.388
9.1472  14.164
14.253   11.39
 16.22   12.48
4.5818  4.6462
7.0625  4.1027
13.028  13.218
15.651  15.844
14.654  10.037
 7.333  4.5959
9.5033  6.5403
2.0935  7.1837
8.2087  3.1961
 17.86  14.088
7.2679  6.7848
8.6991  4.9354
13.882  12.493
10.853  9.2115
11.706  11.396
8.2173   5.555
12.443  13.856
8.5696  8.3155
14.786  14.888
9.9686  15.748
9.0282  12.149
10.554  6.1474
9.0383  15.049
8.4988  7.7263
11.545  14.182
8.8961  6.6602
12.469  10.022
5.6898  5.2769
8.3551  9.6162
7.5198  8.2086
11.069  6.9438
8.5724  3.0999
10.432  13.656
10.264  10.342
8.1141  7.4309
7.2438  11.287
4.8992  4.6628
11.011  8.6202
17.265  22.266
5.6648  6.5734
8.8284  11.917
8.5512  7.2402
14.177  13.953
6.9154  2.0927
5.7939  4.8113
10.811  12.495
10.377  8.4197
13.327  9.3577
9.8389  7.3647
8.4898  7.8232
13.732  14.154
12.285  12.316
7.4881  7.6435
8.0549  6.4793
  12.5  13.951
7.2324  2.5209
9.5365  9.7599
8.1318  12.319
9.8945  18.686
8.9301  5.6095
14.621  17.175
5.8689  5.0682
15.425   18.81
10.417  10.031
 13.63   16.57
15.582  18.635
13.261  13.061
10.418  6.8516
12.965  10.337
15.908  20.167
12.455  14.532
14.054   14.01
 8.992   9.934
15.624  9.9325
  16.1  16.335
14.101  13.396
11.429  11.532
8.0253   11.27
12.188  14.626
12.923  17.814
7.8777  8.9104
 11.72  11.434
8.4165  9.6339
 15.12  18.288
7.5521  12.126
13.498  14.967
11.171  10.747
8.0603  4.9619
11.682   12.02
8.0232  12.406
8.6812  5.9815
7.0094   5.698
11.009  13.712
12.065  8.0556
12.708  9.4308
6.6726   5.541
16.783  18.973
11.221  12.355
7.5805  11.038
12.516  10.759
12.559  14.372
8.4044  12.581
11.722  11.159
6.6956  7.1915
7.9471  9.8718
 12.88  10.106
10.889  16.127
7.2435  7.1177
7.1286  11.565
11.816  12.174
11.589  12.651
10.034  15.631
13.377  13.489
21.883   20.13
9.3188  6.8042
11.672  11.401
11.792  15.793
7.1656  5.8556
2.7998  5.5927
10.443  10.721
14.646  18.859
10.566  6.7973
14.094  15.805
7.3572  14.279
9.0985  7.8279
15.595  13.238
15.319  15.079
10.428  10.939
11.167  12.203
12.361  16.336
10.765   10.64
12.716  9.9698
 13.22  19.616
8.0929  9.2337
13.697  12.918
8.5431  3.8837
10.408  8.8726
15.277  18.544
7.2785  5.2729
11.951  13.877
10.127  5.1873
5.3803  7.7961
3.4254  1.2281
5.5519  9.0168
10.025    10.6
6.3018  5.4375
 3.129  .95253
  7.55  12.363
17.905  18.465
13.706   15.51
11.668  14.062
14.234  15.418
10.133  10.333
6.5258  5.1323
 9.055  6.1551
9.4101  11.557
13.387  13.852
10.354  11.385
10.052  8.1473
7.3711  8.7672
9.9728  10.742
6.8701  9.7347
9.0185  8.4532
12.944   12.61
8.0715  7.8893
6.4331  7.0096
11.716  10.822
9.5683  12.835
 8.773  9.4173
11.707  11.194
7.8343  17.066
8.8297  12.758
8.3064  4.6473
6.4026  6.7614
14.696  16.062
12.313  21.331
 9.042  6.1204
9.4284  5.4807
14.055  16.036
8.2427  8.8623
8.5726   9.636
10.318  8.4795
12.334  12.809
13.012  10.608
8.2937   11.88
4.6842  10.869
4.3438  .96981
13.459  14.231
13.422  13.071
12.269  14.492
9.7224  6.2585
 4.657   1.707
13.455  10.851
7.5974  7.7228
12.886  6.5312
17.248  16.886
13.151   14.49
5.0381  5.1576
16.109  20.265
11.643  9.6553
 8.017  6.9692
14.199  15.544
9.1277  12.956
8.4787  11.287
12.426  12.243
8.3736  6.0923
11.316  13.245
9.2326  8.8954
10.718  9.4591
9.0372  10.814
7.0811  7.8261
12.572  10.816
12.965  18.172
12.585   9.886
8.8779  8.4539
7.1208  11.681
 6.398  9.3666
9.0171  11.316
9.1735  9.1945
11.178  14.025
15.061  17.756
12.548  15.817
9.7861  9.6451
8.3556  6.8609
13.936   18.56
8.6299  7.1352
7.1577  11.343
 5.578  1.5303
7.7772  4.3873
9.5111  14.029
10.543  12.563
12.171   16.11
 8.766  8.9066
 9.682  14.163
10.574  10.753
6.0605  3.4195
8.3955  -.2208
10.992  14.143
 10.57  5.9608
7.4418  -.3959
10.209  9.8716
 9.047   12.29
7.7213  12.835
13.266  14.087
5.1648  3.6991
 14.72  14.794
.96219  -1.995
 8.232  8.7589
 12.69  10.092
9.8258  6.3822
8.4666  8.2999
16.439  12.693
 15.19  12.228
14.221  11.292
10.744  16.621
9.5522  11.511
10.642   11.59
12.188  15.348
11.043  11.943
 10.41  12.428
13.842  16.493
11.258  8.4039
9.2911  9.5406
12.132  13.459
11.913  12.091
7.7275   9.494
12.769  11.531
14.378  17.476
10.101  11.134
8.1978  7.9768
11.553  8.0408
12.221  6.9157
13.047  11.771
10.137  7.6073
11.548  7.7697
8.9401  8.9825
11.436  6.8054
14.289  17.977
9.2984  6.8633
11.893  13.101
5.5527  3.7099
7.3938  9.1217
8.4374  4.4168
5.6453  6.6962
9.1213  10.683
 8.486  14.798
5.8799  5.7472
 10.54  14.878
 10.11  11.707
8.3261  8.7197
13.198  10.252
4.3543  5.7753
15.103  15.235
15.269   19.22
12.657  18.385
10.586  13.441
19.386  17.452
13.405  13.564
8.3351  9.0128
10.921   9.855
11.337  10.179
9.0507  6.7354
13.025  18.092
7.7871  8.7349
13.008  5.9793
12.671  12.127
9.7819  10.054
10.699  12.725
12.277  14.221
7.7182  7.2537
6.5976  2.0702
7.8738  8.0967
9.9888  5.3756
7.9681  8.3558
8.7162  9.6395
8.2047  7.9626
8.6404  7.6814
10.453  6.9124
7.4229  5.7966
12.603  17.832
 11.55  13.984
7.5566  10.731
9.4114  8.5724
11.995   8.649
9.7674  13.012
10.768  11.833
6.2267  5.7364
13.299    8.12
1.9387    10.3
9.1586  6.5163
8.0095  9.8985
7.8079  5.3147
10.135  9.4905
11.491  10.296
8.6111  11.248
11.566   14.17
6.9969  12.903
9.8451  14.478
8.6582  -.4414
4.3631  1.4881
 11.08  7.2449
9.1611  7.8039
15.191  13.209
8.1903  9.0132
6.6114  2.6584
13.084  12.968
10.151  7.4135
5.5414  8.1768
10.015  6.6041
11.223  6.2352
11.545  19.024
6.3905  5.5454
12.952  15.639
10.014  11.353
10.972  5.2695
9.5832  .56076
11.535   4.276
12.406  12.811
 10.67   13.03
9.1049  13.335
14.576  14.236
5.4826  10.507
12.001  11.359
7.1602  6.0276
13.188  15.401
9.8805  14.012
12.142  10.253
14.774  12.967
10.642  12.487
4.2893  2.9378
9.2148  16.369
13.527  12.379
13.984  9.6933
9.8508  12.658
11.421  12.495
13.522  13.068
12.576  13.046
4.6609  3.4149
13.708  11.608
13.683  12.984
10.205  13.295
10.994  15.443
 8.118  9.4824
10.565  12.804
6.1112  5.1217
12.134  11.131
14.003  20.564
7.0782  5.9921
6.5559  -.2169
8.7847  7.9845
9.1948  8.4013
7.2807  5.5786
9.0478  11.812
13.837  11.462
14.291  16.936
10.426   8.631
7.8766  5.7171
 14.43  11.502
10.617  9.3216
9.8453  13.091
7.3287  3.2511
9.8784  8.1444
13.438  9.1748
13.294  11.835
11.232  5.5705
7.8145  7.0198
5.0676  6.8585
12.487   15.67
11.772  11.245
7.6336  6.2098
11.386  12.239
3.8451  2.1184
10.271  10.788
12.375  12.446
11.935  14.852
7.7179  7.2644
6.0675  9.9638
6.2721  5.8967
 13.98  17.089
8.7204  12.729
10.769  9.8935
16.215  16.518
8.5501  10.708
 7.414  3.7038
11.681  11.714
  4.71  5.5213
12.069  14.206
8.7452  4.6116
7.3796  9.9733
9.0643  11.145
11.375  9.0473
17.272  17.205
11.482  12.962
